1731888846036 0.20202699303627014 0
1731888846042 0.19341494143009186 1
1731888846048 0.21242399513721466 2
1731888846053 0.16483213007450104 3
1731888846058 0.17042472958564758 4
1731888846062 0.15425623953342438 5
1731888846068 0.15874063968658447 6
1731888846073 0.13466879725456238 7
1731888846079 0.14597170054912567 8
1731888846084 0.14792075753211975 9
1731888846088 0.12423977255821228 10
1731888846092 0.12061044573783875 11
1731888846098 0.12360167503356934 12
1731888846104 0.10757420212030411 13
1731888846109 0.10491203516721725 14
