1731889340746 0.1105358898639679 0
1731889340753 0.08017104119062424 1
1731889340758 0.09063219279050827 2
1731889340764 0.07541003823280334 3
1731889340770 0.10999301075935364 4
1731889340776 0.07596763223409653 5
1731889340782 0.07938657701015472 6
1731889340787 0.07626982033252716 7
1731889340793 0.09477318078279495 8
1731889340800 0.07136285305023193 9
1731889340806 0.06207600608468056 10
1731889340811 0.058082155883312225 11
1731889340816 0.0837179645895958 12
1731889340822 0.07351071387529373 13
1731889340828 0.0517316497862339 14
