1731889418239 0.9560515880584717 0
1731889418251 0.9676972031593323 1
1731889418260 0.9628448486328125 2
1731889418269 0.9685290455818176 3
1731889418278 0.9572992920875549 4
1731889418289 0.9683904051780701 5
1731889418299 0.9686676859855652 6
1731889418308 0.9679744839668274 7
1731889418319 0.9624289274215698 8
1731889418328 0.9699154496192932 9
1731889418337 0.9739359617233276 10
1731889418347 0.974767804145813 11
1731889418356 0.9663107991218567 12
1731889418366 0.9718563556671143 13
1731889418377 0.9772632718086243 14
