1731889418236 0.1105358898639679 0
1731889418248 0.08017104119062424 1
1731889418258 0.09063219279050827 2
1731889418266 0.07541003823280334 3
1731889418275 0.10999301075935364 4
1731889418287 0.07596763223409653 5
1731889418297 0.07938657701015472 6
1731889418306 0.07626982033252716 7
1731889418316 0.09477318078279495 8
1731889418326 0.07136285305023193 9
1731889418335 0.06207600608468056 10
1731889418344 0.058082155883312225 11
1731889418354 0.0837179645895958 12
1731889418364 0.07351071387529373 13
1731889418374 0.0517316497862339 14
